100000000003
100000000019
100000000057
100000000063
100000000069
100000000073
100000000091
100000000103
100000000129
100000000171
100000000183
100000000193
100000000211
100000000223
100000000237
100000000253
100000000283
100000000319
100000000363
100000000367
100000000379
100000000393
100000000403
100000000411
100000000417
100000000427
100000000447
100000000487
100000000519
100000000567
100000000579
100000000621
100000000631
100000000637
100000000669
100000000699
100000000703
100000000721
100000000739
100000000747
100000000801
100000000817
100000000819
100000000861
100000000901
100000000943
100000000951
100000001009
100000001099
100000001111
100000001149
100000001201
100000001209
100000001237
100000001239
100000001249
100000001267
100000001287
100000001291
100000001317
100000001347
100000001363
100000001377
100000001389
100000001399
100000001467
100000001489
100000001509
100000001513
100000001551
100000001557
100000001567
100000001641
100000001659
100000001693
100000001729
100000001771
100000001807
100000001831
100000001837
100000001839
100000001863
100000001909
100000001921
100000001923
100000001939
100000001957
100000001989
100000002017
100000002031
100000002041
100000002059
100000002061
100000002097
100000002103
100000002181
100000002191
100000002199
100000002229
100000002251
100000002299
100000002313
100000002317
100000002353
100000002359
100000002373
100000002413
100000002497
100000002499
100000002503
100000002511
100000002539
100000002587
100000002617
100000002677
100000002689
100000002731
100000002757
100000002827
100000002847
100000002863
100000002889
100000002911
100000002913
100000002941
100000002943
100000002953
100000003039
100000003067
100000003069
100000003087
100000003097
100000003163
100000003211
100000003223
100000003241
100000003249
100000003277
100000003303
100000003319
100000003361
100000003373
100000003379
100000003381
100000003447
100000003457
100000003471
100000003517
100000003559
100000003583
100000003591
100000003627
100000003657
100000003661
100000003699
100000003709
100000003757
100000003759
100000003787
100000003813
100000003853
100000003867
100000003897
100000003921
100000003951
100000003997
100000004021
100000004053
100000004099
100000004107
100000004171
100000004177
100000004207
100000004267
100000004333
100000004407
100000004437
100000004449
100000004471
100000004483
100000004501
100000004521
100000004539
100000004591
100000004653
100000004677
100000004707
100000004719
100000004749
100000004761
100000004809
100000004827
100000004837
100000004843
100000004849
100000004861
100000004903
100000004917
100000004953
100000004987
100000004989
100000005011
100000005023
100000005031
100000005037
100000005041
100000005067
100000005103
100000005143
100000005163
100000005169
100000005181
100000005227
100000005239
100000005257
100000005263
100000005407
100000005419
100000005431
100000005433
100000005449
100000005461
100000005481
100000005503
100000005529
100000005559
100000005583
100000005617
100000005631
100000005671
100000005673
100000005683
100000005691
100000005701
100000005731
100000005761
100000005793
100000005799
100000005803
100000005821
100000005841
100000005863
100000005869
100000005881
100000005883
100000005907
100000005953
100000005991
100000006033
100000006037
100000006039
100000006097
100000006109
100000006147
100000006163
100000006193
100000006201
100000006217
100000006259
100000006277
100000006279
100000006289
100000006307
100000006339
100000006399
100000006409
100000006411
100000006433
100000006439
100000006459
100000006489
100000006499
100000006517
100000006543
100000006619
100000006663
100000006679
100000006703
100000006721
100000006741
100000006759
100000006789
100000006867
100000006877
100000007017
100000007071
100000007089
100000007143
100000007147
100000007167
100000007279
100000007293
100000007299
100000007309
100000007351
100000007413
100000007417
100000007431
100000007531
100000007533
100000007537
100000007539
100000007573
100000007587
100000007603
100000007621
100000007629
100000007671
100000007699
100000007711
100000007753
100000007791
100000007801
100000007837
100000007869
100000007879
100000007927
100000007963
100000008001
100000008037
100000008079
100000008083
100000008127
100000008131
100000008161
100000008169
100000008181
100000008209
100000008211
100000008253
100000008349
100000008377
100000008397
100000008421
100000008431
100000008443
100000008469
100000008481
100000008523
100000008527
100000008551
100000008569
100000008587
100000008601
100000008617
100000008653
100000008737
100000008739
100000008761
100000008781
100000008799
100000008841
100000008853
100000008869
100000008883
100000008931
100000008937
100000008947
100000009009
100000009069
100000009079
100000009091
100000009103
100000009159
100000009181
100000009189
100000009199
100000009283
100000009309
100000009349
100000009363
100000009387
100000009393
100000009397
100000009399
100000009507
100000009511
100000009541
100000009547
100000009583
100000009601
100000009633
100000009639
100000009649
100000009699
100000009717
100000009729
100000009741
100000009819
100000009831
100000009849
100000009861
100000009939
100000009997
100000010039
100000010053
100000010057
100000010081
100000010093
100000010101
100000010141
100000010147
100000010179
100000010191
100000010203
100000010237
100000010239
100000010251
100000010287
100000010321
100000010437
100000010479
100000010491
100000010549
100000010573
100000010611
100000010681
100000010687
100000010723
100000010729
100000010749
100000010771
100000010807
100000010813
100000010849
100000010863
100000010881
100000010909
100000010983
100000011011
100000011043
100000011061
100000011073
100000011103
100000011107
100000011119
100000011143
100000011157
100000011173
100000011187
100000011257
100000011281
100000011289
100000011311
100000011341
100000011343
100000011403
100000011427
100000011479
100000011497
100000011499
100000011521
100000011539
100000011581
100000011583
100000011589
100000011623
100000011641
100000011653
100000011673
100000011677
100000011679
100000011689
100000011719
100000011733
100000011739
100000011773
100000011791
100000011799
100000011817
100000011833
100000011857
100000011911
100000011997
100000012001
100000012061
100000012069
100000012087
100000012097
100000012103
100000012157
100000012183
100000012187
100000012193
100000012223
100000012247
100000012261
100000012303
100000012337
100000012349
100000012361
100000012367
100000012391
100000012397
100000012417
100000012429
100000012459
100000012477
100000012493
100000012501
100000012547
100000012561
100000012573
100000012579
100000012597
100000012631
100000012649
100000012661
100000012667
100000012669
100000012703
100000012711
100000012769
100000012771
100000012817
100000012831
100000012897
100000012901
100000012909
100000012919
100000012967
100000013011
100000013059
100000013081
100000013093
100000013131
100000013137
100000013159
100000013167
100000013227
100000013263
100000013293
100000013297
100000013303
100000013353
100000013413
100000013429
100000013441
100000013537
100000013543
100000013549
100000013557
100000013579
100000013593
100000013681
100000013719
100000013753
100000013783
100000013821
100000013879
100000013887
100000013929
100000013941
100000013957
100000013959
100000014019
100000014043
100000014067
100000014143
100000014151
100000014161
100000014167
100000014173
100000014187
100000014203
100000014221
100000014227
100000014259
100000014271
100000014383
100000014421
100000014437
100000014479
100000014511
100000014523
100000014533
100000014601
100000014607
100000014619
100000014671
100000014679
100000014773
100000014781
100000014809
100000014937
100000014941
100000014973
100000015001
100000015009
100000015021
100000015039
100000015111
100000015123
100000015151
100000015153
100000015187
100000015211
100000015277
100000015301
100000015333
210000000037
210000000079
210000000121
210000000169
210000000209
210000000227
210000000257
210000000269
210000000283
210000000319
210000000409
210000000433
210000000439
210000000461
210000000467
210000000473
210000000491
210000000527
210000000563
210000000611
210000000667
210000000671
210000000677
210000000733
210000000787
210000000797
210000000803
210000000817
210000000827
210000000839
210000000841
210000000941
210000001049
210000001111
210000001117
210000001129
210000001153
210000001171
210000001201
210000001219
210000001229
210000001319
210000001357
210000001397
210000001433
210000001457
210000001489
210000001511
210000001567
210000001609
210000001613
210000001649
210000001697
210000001703
210000001853
210000001859
210000001867
210000001889
210000001907
210000001921
210000001927
210000001949
210000001951
210000001957
210000001979
210000001993
210000001999
210000002059
210000002137
210000002203
210000002213
210000002221
210000002227
210000002249
210000002273
210000002291
210000002323
210000002327
210000002369
210000002371
210000002383
210000002431
210000002449
210000002453
210000002467
210000002489
210000002519
210000002533
210000002549
210000002587
210000002621
210000002669
210000002671
210000002711
210000002741
210000002801
210000002873
210000002881
210000002917
210000002921
210000002963
210000003067
210000003089
210000003173
210000003197
210000003203
210000003217
210000003221
210000003247
210000003263
210000003293
210000003313
210000003329
210000003331
210000003337
210000003419
210000003457
210000003463
210000003539
210000003541
210000003581
210000003583
210000003593
210000003599
210000003623
210000003641
210000003659
210000003679
210000003721
210000003767
210000003853
210000003869
210000003881
210000003901
210000003929
210000003949
210000003973
210000003979
210000004001
210000004003
210000004009
210000004091
210000004133
210000004163
210000004169
210000004171
210000004213
210000004217
210000004229
210000004231
210000004237
210000004273
210000004283
210000004301
210000004321
210000004391
210000004399
210000004493
210000004567
210000004583
210000004603
210000004631
210000004657
210000004663
210000004699
210000004727
210000004759
210000004777
210000004813
210000004861
210000004867
210000004873
210000004889
210000004901
210000004927
210000004997
210000005003
210000005029
210000005053
210000005129
210000005213
210000005221
210000005231
210000005249
210000005261
210000005287
210000005291
210000005311
210000005317
210000005407
210000005417
210000005429
210000005489
210000005497
210000005513
210000005531
210000005533
210000005539
210000005561
210000005563
210000005581
210000005597
210000005609
210000005629
210000005641
210000005651
210000005707
210000005737
210000005741
210000005767
210000005771
210000005783
210000005791
210000005807
210000005827
210000005863
210000005903
210000005911
210000005987
210000006017
210000006023
210000006031
210000006077
210000006091
210000006101
210000006103
210000006113
210000006131
210000006221
210000006239
210000006253
210000006259
210000006263
210000006269
210000006277
210000006313
210000006317
210000006323
210000006329
210000006331
210000006431
210000006443
210000006451
210000006473
210000006479
210000006497
210000006511
210000006553
210000006607
210000006617
210000006647
210000006649
210000006661
210000006691
210000006773
210000006823
210000006829
210000006833
210000006883
210000006929
210000006961
210000007033
210000007043
210000007097
210000007099
210000007117
210000007169
210000007187
210000007201
210000007213
210000007223
210000007229
210000007249
210000007271
210000007279
210000007351
210000007391
210000007447
210000007471
210000007513
210000007541
210000007561
210000007571
210000007573
210000007579
210000007589
210000007621
210000007661
210000007703
210000007709
210000007729
210000007747
210000007757
210000007759
210000007787
210000007793
210000007799
210000007823
210000007843
210000007873
210000007927
210000007949
210000007963
210000008003
210000008039
210000008069
210000008077
210000008149
210000008161
210000008201
210000008291
210000008299
210000008357
210000008359
210000008419
210000008423
210000008431
210000008447
210000008453
210000008459
210000008479
210000008497
210000008501
210000008503
210000008521
210000008539
210000008549
210000008567
210000008573
210000008579
210000008591
210000008599
210000008653
210000008663
210000008683
210000008689
210000008711
210000008737
210000008819
210000008839
210000008843
210000008903
210000008941
210000008971
210000008987
210000008989
210000009001
210000009047
210000009091
210000009103
210000009113
210000009137
210000009139
210000009143
210000009199
210000009227
210000009341
210000009397
210000009421
210000009449
210000009467
210000009509
210000009547
210000009559
210000009601
210000009607
210000009613
210000009643
210000009697
210000009707
210000009731
210000009787
210000009809
210000009827
210000009833
210000009851
210000009907
210000009911
210000009931
210000009959
210000009979
210000009997
210000010013
210000010067
210000010079
210000010081
210000010123
210000010127
210000010151
210000010159
210000010189
210000010271
210000010289
210000010321
210000010357
210000010361
210000010397
210000010427
210000010433
210000010511
210000010579
210000010601
210000010607
210000010669
210000010687
210000010723
210000010729
210000010739
210000010769
210000010799
210000010813
210000010817
210000010823
210000010837
210000010849
210000010867
210000010873
210000010877
210000010901
210000010937
210000010951
210000011017
210000011029
210000011069
210000011099
210000011107
210000011119
210000011171
210000011269
210000011311
210000011341
210000011437
210000011521
210000011537
210000011539
210000011567
210000011579
210000011597
210000011681
210000011687
210000011707
210000011777
210000011783
210000011797
210000011813
210000011827
210000011863
210000011899
210000011917
210000011953
210000012029
210000012059
210000012071
210000012091
210000012143
210000012151
210000012169
210000012203
210000012217
210000012223
210000012227
210000012241
210000012307
210000012311
210000012319
210000012323
210000012349
210000012359
210000012463
210000012491
210000012557
210000012569
210000012571
210000012581
210000012619
210000012661
210000012679
210000012683
210000012701
210000012713
210000012727
210000012737
210000012757
210000012787
210000012799
210000012877
210000012913
210000012919
210000012973
210000012979
210000012991
210000013021
210000013033
210000013063
210000013117
210000013123
210000013183
210000013207
210000013213
210000013247
210000013291
210000013297
210000013367
210000013459
210000013469
210000013547
210000013633
210000013669
210000013693
210000013697
210000013747
210000013759
210000013771
210000013787
210000013841
210000013891
210000013903
210000013931
210000013933
210000013957
210000013981
210000013987
210000014027
210000014057
210000014087
210000014089
210000014111
210000014117
210000014149
210000014173
210000014197
210000014201
210000014227
210000014233
210000014249
210000014303
210000014311
210000014353
210000014369
210000014377
210000014381
210000014383
210000014423
210000014489
210000014533
210000014557
210000014569
210000014573
210000014633
210000014639
210000014711
210000014753
210000014759
210000014797
210000014801
210000014803
210000014813
210000014893
210000014951
210000014953
210000014971
210000014989
210000015007
210000015013
210000015019
210000015031
210000015047
210000015079
210000015091
210000015101
210000015131
210000015151
210000015179
210000015193
210000015217
210000015307
210000015311
210000015317
210000015349
210000015409
210000015431
210000015451
210000015499
210000015517
210000015571
210000015583
210000015601
210000015611
210000015613
210000015707
210000015773
210000015781
210000015793
210000015881
210000015917
210000015937
210000015941
210000015947
210000015997
210000016019
321000000011
321000000029
321000000067
321000000077
321000000121
321000000127
321000000157
321000000187
321000000203
321000000247
321000000253
321000000281
321000000301
321000000311
321000000317
321000000323
321000000361
321000000383
321000000401
321000000403
321000000467
321000000481
321000000487
321000000521
321000000523
321000000547
321000000571
321000000577
321000000593
321000000667
321000000707
321000000719
321000000799
321000000829
321000000859
321000000911
321000000947
321000000977
321000000989
321000000991
321000001031
321000001073
321000001103
321000001109
321000001163
321000001171
321000001181
321000001199
321000001229
321000001237
321000001249
321000001261
321000001291
321000001379
321000001397
321000001429
321000001433
321000001457
321000001463
321000001477
321000001481
321000001513
321000001541
321000001573
321000001583
321000001601
321000001633
321000001669
321000001691
321000001753
321000001757
321000001787
321000001811
321000001909
321000001967
321000001991
321000002027
321000002083
321000002093
321000002101
321000002131
321000002189
321000002231
321000002237
321000002243
321000002249
321000002317
321000002321
321000002327
321000002329
321000002333
321000002341
321000002353
321000002363
321000002501
321000002549
321000002591
321000002593
321000002599
321000002611
321000002623
321000002627
321000002629
321000002633
321000002647
321000002669
321000002689
321000002731
321000002761
321000002809
321000002821
321000002837
321000002857
321000002879
321000002881
321000002891
321000002923
321000002927
321000002933
321000002969
321000002977
321000003011
321000003089
321000003097
321000003101
321000003109
321000003139
321000003167
321000003187
321000003253
321000003283
321000003307
321000003343
321000003347
321000003349
321000003421
321000003461
321000003469
321000003487
321000003491
321000003497
321000003529
321000003547
321000003613
321000003659
321000003697
321000003833
321000003847
321000003881
321000003889
321000003901
321000003917
321000003943
321000003983
321000004019
321000004037
321000004057
321000004063
321000004081
321000004109
321000004207
321000004231
321000004243
321000004253
321000004271
321000004307
321000004313
321000004327
321000004357
321000004361
321000004373
321000004397
321000004399
321000004411
321000004453
321000004511
321000004513
321000004573
321000004579
321000004613
321000004627
321000004649
321000004667
321000004673
321000004679
321000004681
321000004693
321000004751
321000004763
321000004777
321000004783
321000004817
321000004823
321000004837
321000004987
321000004991
321000005023
321000005069
321000005077
321000005087
321000005191
321000005201
321000005219
321000005239
321000005257
321000005279
321000005357
321000005383
321000005393
321000005429
321000005449
321000005467
321000005531
321000005533
321000005537
321000005551
321000005633
321000005639
321000005663
321000005699
321000005719
321000005737
321000005849
321000005863
321000005881
321000005891
321000005897
321000005923
321000005927
321000005941
321000006037
321000006053
321000006091
321000006121
321000006167
321000006181
321000006203
321000006221
321000006233
321000006289
321000006319
321000006331
321000006347
321000006367
321000006377
321000006433
321000006469
321000006479
321000006497
321000006511
321000006521
321000006539
321000006571
321000006577
321000006611
321000006623
321000006631
321000006653
321000006671
321000006683
321000006731
321000006787
321000006827
321000006961
321000006979
321000006997
321000007043
321000007061
321000007087
321000007099
321000007129
321000007187
321000007259
321000007291
321000007309
321000007331
321000007337
321000007379
321000007381
321000007451
321000007463
321000007483
321000007553
321000007561
321000007577
321000007609
321000007621
321000007837
321000007843
321000007849
321000007873
321000007879
321000007901
321000007957
321000007961
321000007981
321000008029
321000008053
321000008057
321000008059
321000008117
321000008143
321000008177
321000008201
321000008207
321000008209
321000008227
321000008279
321000008297
321000008299
321000008311
321000008347
321000008387
321000008401
321000008443
321000008479
321000008611
321000008627
321000008653
321000008669
321000008677
321000008699
321000008723
321000008743
321000008773
321000008779
321000008801
321000008807
321000008887
321000008891
321000008899
321000008933
321000009079
321000009101
321000009149
321000009167
321000009221
321000009223
321000009269
321000009271
321000009283
321000009287
321000009307
321000009367
321000009377
321000009391
321000009397
321000009401
321000009467
321000009503
321000009601
321000009613
321000009661
321000009667
321000009691
321000009761
321000009767
321000009769
321000009773
321000009779
321000009809
321000009833
321000009893
321000009901
321000009923
321000009937
321000009997
321000010069
321000010091
321000010141
321000010157
321000010169
321000010183
321000010217
321000010241
321000010267
321000010327
321000010351
321000010451
321000010459
321000010579
321000010589
321000010603
321000010609
321000010621
321000010633
321000010679
321000010739
321000010757
321000010759
321000010769
321000010813
321000010867
321000010871
321000010873
321000010951
321000010967
321000010987
321000010997
321000011009
321000011089
321000011141
321000011153
321000011203
321000011207
321000011237
321000011279
321000011281
321000011309
321000011323
321000011333
321000011347
321000011351
321000011369
321000011383
321000011407
321000011429
321000011459
321000011461
321000011467
321000011471
321000011503
321000011537
321000011581
321000011611
321000011639
321000011641
321000011699
321000011707
321000011719
321000011729
321000011737
321000011803
321000011879
321000011939
321000011953
321000011977
321000011993
321000012017
321000012031
321000012043
321000012083
321000012133
321000012143
321000012181
321000012199
321000012211
321000012239
321000012247
321000012257
321000012283
321000012299
321000012301
321000012331
321000012349
321000012383
321000012409
321000012413
321000012439
321000012469
321000012479
321000012523
321000012533
321000012581
321000012607
321000012617
321000012623
321000012643
321000012667
321000012731
321000012743
321000012761
321000012821
321000012859
321000012881
321000012911
321000012959
321000012961
321000012967
321000012973
321000012997
321000013001
321000013067
321000013097
321000013109
321000013163
321000013171
321000013231
321000013259
321000013277
321000013319
321000013331
321000013343
321000013349
321000013357
321000013363
321000013409
321000013417
321000013441
321000013457
321000013489
321000013511
321000013519
321000013541
321000013553
321000013559
321000013603
321000013639
321000013667
321000013673
321000013679
321000013687
321000013721
321000013723
321000013753
321000013771
321000013783
321000013823
321000013837
321000013847
321000013853
321000013877
321000013891
321000013907
321000013909
321000013967
321000013979
321000014009
321000014011
321000014021
321000014033
321000014197
321000014219
321000014297
321000014299
321000014317
321000014329
321000014341
321000014393
321000014407
321000014411
321000014431
321000014477
321000014497
321000014519
321000014563
321000014653
321000014677
321000014683
321000014689
321000014707
321000014711
321000014743
321000014747
321000014807
321000014887
321000014939
321000014969
321000014977
321000015001
321000015029
321000015163
321000015181
321000015211
321000015221
321000015239
321000015253
321000015289
321000015299
321000015317
321000015359
321000015377
321000015379
321000015389
321000015439
321000015449
321000015533
321000015547
321000015599
321000015613
321000015617
321000015619
321000015631
321000015647
321000015667
321000015689
321000015767
321000015799
321000015803
321000015859
321000015887
321000015899
321000015929
321000015937
321000015949
321000015953
321000015961
321000015979
321000015997
321000016013
432100000001
432100000061
432100000093
432100000117
432100000141
432100000147
432100000181
432100000193
432100000243
432100000249
432100000253
432100000273
432100000291
432100000307
432100000327
432100000361
432100000369
432100000373
432100000399
432100000487
432100000561
432100000573
432100000663
432100000693
432100000699
432100000711
432100000721
432100000723
432100000727
432100000799
432100000807
432100000867
432100000873
432100000889
432100000897
432100000901
432100000961
432100000987
432100000993
432100001027
432100001071
432100001117
432100001119
432100001129
432100001141
432100001143
432100001149
432100001171
432100001231
432100001243
432100001293
432100001299
432100001339
432100001369
432100001381
432100001407
432100001461
432100001471
432100001477
432100001521
432100001561
432100001573
432100001579
432100001609
432100001617
432100001657
432100001659
432100001677
432100001689
432100001699
432100001717
432100001741
432100001747
432100001761
432100001791
432100001797
432100001831
432100001833
432100001857
432100001881
432100001911
432100001923
432100001933
432100001939
432100001951
432100001953
432100002071
432100002167
432100002197
432100002287
432100002289
432100002359
432100002377
432100002403
432100002419
432100002427
432100002457
432100002463
432100002469
432100002473
432100002479
432100002487
432100002527
432100002569
432100002589
432100002683
432100002703
432100002821
432100002823
432100002853
432100002883
432100002907
432100002953
432100003007
432100003009
432100003051
432100003081
432100003099
432100003117
432100003121
432100003123
432100003141
432100003171
432100003177
432100003213
432100003253
432100003333
432100003343
432100003381
432100003441
432100003499
432100003523
432100003529
432100003561
432100003579
432100003609
432100003717
432100003733
432100003757
432100003763
432100003781
432100003793
432100003813
432100003823
432100003903
432100004041
432100004057
432100004153
432100004159
432100004179
432100004197
432100004227
432100004239
432100004251
432100004299
432100004417
432100004419
432100004429
432100004449
432100004467
432100004477
432100004503
432100004543
432100004551
432100004561
432100004563
432100004591
432100004597
432100004617
432100004621
432100004641
432100004647
432100004657
432100004663
432100004719
432100004723
432100004783
432100004867
432100004873
432100004881
432100004911
432100004927
432100005059
432100005091
432100005121
432100005131
432100005167
432100005263
432100005331
432100005353
432100005367
432100005401
432100005451
432100005497
432100005509
432100005569
432100005593
432100005599
432100005611
432100005637
432100005643
432100005653
432100005703
432100005731
432100005763
432100005767
432100005791
432100005793
432100005797
432100005923
432100005929
432100005937
432100005941
432100005959
432100005971
432100005977
432100005979
432100006069
432100006111
432100006139
432100006207
432100006213
432100006241
432100006291
432100006333
432100006363
432100006367
432100006391
432100006433
432100006501
432100006579
432100006603
432100006619
432100006643
432100006649
432100006651
432100006711
432100006747
432100006753
432100006763
432100006771
432100006787
432100006817
432100006843
432100006859
432100006889
432100006957
432100006963
432100006999
432100007033
432100007077
432100007099
432100007111
432100007123
432100007149
432100007161
432100007191
432100007233
432100007243
432100007267
432100007291
432100007309
432100007321
432100007327
432100007351
432100007357
432100007371
432100007377
432100007393
432100007429
432100007473
432100007477
432100007567
432100007587
432100007609
432100007611
432100007681
432100007693
432100007747
432100007771
432100007783
432100007831
432100007839
432100007893
432100007947
432100007951
432100007953
432100007957
432100007981
432100008023
432100008031
432100008077
432100008083
432100008127
432100008133
432100008161
432100008181
432100008191
432100008199
432100008247
432100008269
432100008271
432100008337
432100008343
432100008349
432100008397
432100008409
432100008437
432100008491
432100008521
432100008551
432100008563
432100008577
432100008583
432100008679
432100008733
432100008749
432100008763
432100008793
432100008797
432100008799
432100008839
432100008841
432100008859
432100008919
432100008937
432100008947
432100008973
432100008997
432100009021
432100009097
432100009147
432100009153
432100009157
432100009177
432100009219
432100009247
432100009267
432100009279
432100009283
432100009337
432100009339
432100009351
432100009391
432100009399
432100009417
432100009423
432100009427
432100009463
432100009507
432100009519
432100009547
432100009567
432100009571
432100009613
432100009637
432100009661
432100009699
432100009703
432100009711
432100009753
432100009787
432100009793
432100009853
432100009867
432100009883
432100009921
432100009967
432100009973
432100010047
432100010051
432100010053
432100010119
432100010159
432100010189
432100010191
432100010231
432100010239
432100010261
432100010263
432100010267
432100010269
432100010297
432100010311
432100010357
432100010399
432100010401
432100010413
432100010431
432100010437
432100010443
432100010453
432100010473
432100010477
432100010533
432100010567
432100010597
432100010603
432100010621
432100010633
432100010647
432100010663
432100010677
432100010707
432100010761
432100010779
432100010809
432100010833
432100010843
432100010861
432100010873
432100010981
432100010983
432100010999
432100011001
432100011011
432100011037
432100011071
432100011089
432100011103
432100011139
432100011143
432100011149
432100011157
432100011179
432100011251
432100011311
432100011313
432100011353
432100011379
432100011389
432100011407
432100011433
432100011443
432100011479
432100011481
432100011487
432100011503
432100011509
432100011517
432100011557
432100011569
432100011599
432100011659
432100011661
432100011691
432100011773
432100011779
432100011797
432100011883
432100011901
432100011911
432100011979
432100012007
432100012049
432100012067
432100012109
432100012111
432100012117
432100012133
432100012163
432100012193
432100012237
432100012259
432100012291
432100012297
432100012319
432100012321
432100012339
432100012343
432100012363
432100012369
432100012397
432100012417
432100012429
432100012433
432100012453
432100012459
432100012493
432100012507
432100012567
432100012579
432100012601
432100012709
432100012733
432100012739
432100012763
432100012819
432100012831
432100012859
432100012871
432100012931
432100012937
432100012961
432100012969
432100012997
432100013039
432100013063
432100013071
432100013099
432100013117
432100013123
432100013159
432100013179
432100013203
432100013237
432100013287
432100013309
432100013327
432100013341
432100013347
432100013431
432100013437
432100013453
432100013473
432100013483
432100013531
432100013573
432100013623
432100013647
432100013669
432100013687
432100013771
432100013803
432100013831
432100013879
432100013881
432100013897
432100013927
432100014023
432100014029
432100014043
432100014097
432100014103
432100014109
432100014121
432100014163
432100014179
432100014191
432100014193
432100014211
432100014223
432100014253
432100014257
432100014277
432100014287
432100014301
432100014329
432100014403
432100014439
432100014497
432100014503
432100014509
432100014517
432100014559
432100014613
432100014637
432100014649
432100014713
432100014737
432100014799
432100014847
432100014889
432100014901
432100014923
432100014943
432100014949
432100014967
432100014977
432100015003
432100015013
432100015073
432100015079
432100015141
432100015183
432100015211
432100015229
432100015231
432100015241
432100015261
432100015289
432100015297
432100015331
432100015351
432100015379
432100015427
432100015469
432100015483
432100015537
432100015547
432100015561
432100015597
432100015601
432100015603
432100015619
432100015651
432100015663
432100015687
432100015723
432100015777
543210000023
543210000059
543210000097
543210000127
543210000163
543210000187
543210000217
543210000227
543210000241
543210000257
543210000271
543210000299
543210000329
543210000341
543210000343
543210000391
543210000457
543210000469
543210000479
543210000481
543210000491
543210000511
543210000517
543210000521
543210000547
543210000563
543210000581
543210000601
543210000629
543210000643
543210000679
543210000709
543210000713
543210000721
543210000743
543210000787
543210000811
543210000821
543210000833
543210000881
543210000929
543210000943
543210000979
543210001031
543210001073
543210001079
543210001133
543210001183
543210001241
543210001259
543210001291
543210001309
543210001363
543210001409
543210001421
543210001441
543210001489
543210001513
543210001553
543210001637
543210001651
543210001693
543210001723
543210001861
543210001879
543210001883
543210001913
543210001921
543210001931
543210001969
543210001973
543210001981
543210001987
543210002039
543210002053
543210002113
543210002131
543210002177
543210002189
543210002227
543210002239
543210002243
543210002311
543210002381
543210002399
543210002407
543210002497
543210002501
543210002509
543210002581
543210002591
543210002609
543210002617
543210002653
543210002659
543210002689
543210002719
543210002743
543210002771
543210002779
543210002821
543210002851
543210002857
543210002879
543210002887
543210002903
543210002957
543210002971
543210003041
543210003043
543210003053
543210003071
543210003157
543210003223
543210003253
543210003269
543210003293
543210003373
543210003407
543210003433
543210003443
543210003461
543210003463
543210003473
543210003481
543210003527
543210003529
543210003559
543210003587
543210003593
543210003631
543210003649
543210003683
543210003767
543210003779
543210003793
543210003913
543210003929
543210003937
543210003977
543210003997
543210004019
543210004037
543210004061
543210004063
543210004069
543210004091
543210004093
543210004097
543210004153
543210004163
543210004193
543210004223
543210004229
543210004277
543210004303
543210004307
543210004321
543210004333
543210004343
543210004387
543210004399
543210004411
543210004433
543210004457
543210004487
543210004489
543210004549
543210004567
543210004607
543210004619
543210004651
543210004669
543210004681
543210004699
543210004741
543210004751
543210004759
543210004793
543210004801
543210004847
543210004853
543210004859
543210004861
543210004879
543210004907
543210004927
543210004937
543210004993
543210005029
543210005057
543210005081
543210005083
543210005119
543210005147
543210005179
543210005201
543210005207
543210005213
543210005237
543210005249
543210005251
543210005269
543210005321
543210005329
543210005347
543210005381
543210005411
543210005417
543210005419
543210005447
543210005467
543210005479
543210005497
543210005531
543210005549
543210005557
543210005581
543210005609
543210005621
543210005627
543210005669
543210005677
543210005731
543210005743
543210005749
543210005791
543210005827
543210005857
543210005867
543210005881
543210005917
543210005929
543210005951
543210006013
543210006029
543210006047
543210006071
543210006187
543210006197
543210006221
543210006223
543210006233
543210006301
543210006307
543210006329
543210006337
543210006401
543210006439
543210006463
543210006497
543210006503
543210006527
543210006539
543210006557
543210006569
543210006589
543210006611
543210006623
543210006637
543210006641
543210006643
543210006649
543210006653
543210006659
543210006667
543210006683
543210006727
543210006743
543210006751
543210006797
543210006877
543210006961
543210006967
543210007019
543210007051
543210007061
543210007069
543210007079
543210007099
543210007121
543210007133
543210007139
543210007159
543210007187
543210007231
543210007237
543210007259
543210007261
543210007267
543210007279
543210007363
543210007423
543210007427
543210007447
543210007469
543210007471
543210007489
543210007511
543210007513
543210007517
543210007531
543210007537
543210007577
543210007583
543210007589
543210007633
543210007649
543210007687
543210007721
543210007723
543210007727
543210007741
543210007817
543210007853
543210007859
543210007861
543210007877
543210007891
543210007919
543210007931
543210007937
543210008017
543210008027
543210008057
543210008071
543210008123
543210008129
543210008167
543210008171
543210008183
543210008207
543210008219
543210008233
543210008251
543210008261
543210008279
543210008293
543210008323
543210008333
543210008413
543210008443
543210008483
543210008533
543210008563
543210008581
543210008591
543210008609
543210008629
543210008639
543210008651
543210008749
543210008801
543210008813
543210008821
543210008839
543210008851
543210008897
543210008933
543210008989
543210009007
543210009037
543210009047
543210009079
543210009191
543210009197
543210009211
543210009239
543210009263
543210009289
543210009319
543210009323
543210009361
543210009373
543210009403
543210009421
543210009437
543210009479
543210009491
543210009497
543210009499
543210009611
543210009649
543210009653
543210009673
543210009757
543210009787
543210009809
543210009817
543210009887
543210009893
543210009913
543210009929
543210009943
543210009961
543210009973
543210010037
543210010061
543210010067
543210010073
543210010141
543210010157
543210010219
543210010237
543210010243
543210010253
543210010261
543210010307
543210010333
543210010349
543210010423
543210010477
543210010481
543210010487
543210010531
543210010571
543210010589
543210010613
543210010649
543210010669
543210010711
543210010817
543210010841
543210010877
543210010891
543210010897
543210010921
543210010943
543210010951
543210010997
543210011009
543210011033
543210011051
543210011053
543210011111
543210011131
543210011137
543210011143
543210011147
543210011159
543210011219
543210011257
543210011359
543210011441
543210011537
543210011549
543210011573
543210011579
543210011623
543210011711
543210011759
543210011767
543210011783
543210011797
543210011801
543210011803
543210011809
543210011857
543210011863
543210011867
543210011893
543210011917
543210011923
543210011959
543210011987
543210012017
543210012031
543210012067
543210012077
543210012101
543210012211
543210012223
543210012229
543210012239
543210012259
543210012263
543210012277
543210012287
543210012337
543210012349
543210012353
543210012379
543210012383
543210012463
543210012469
543210012473
543210012557
543210012563
543210012571
543210012637
543210012647
543210012661
543210012691
543210012707
543210012773
543210012781
543210012803
543210012817
543210012853
543210012857
543210012887
543210012893
543210012959
543210013013
543210013079
543210013097
543210013109
543210013117
543210013121
543210013133
543210013147
543210013187
543210013189
543210013193
543210013271
543210013289
543210013321
543210013327
543210013331
543210013391
543210013393
543210013403
543210013421
543210013427
543210013441
543210013459
543210013499
543210013513
543210013537
543210013543
543210013609
543210013669
543210013747
543210013769
543210013783
543210013799
543210013831
543210013861
543210013867
543210013877
543210013897
543210013943
543210013949
543210014023
543210014059
543210014089
543210014093
543210014129
543210014143
543210014153
543210014159
543210014167
543210014239
543210014311
543210014357
543210014363
543210014401
543210014411
543210014441
543210014443
543210014447
543210014531
543210014569
543210014579
543210014617
543210014647
543210014671
543210014723
543210014741
543210014761
543210014773
543210014779
543210014819
543210014869
543210014887
543210014903
543210014909
543210014987
543210015001
543210015053
543210015071
543210015079
543210015097
543210015121
543210015137
543210015167
543210015191
543210015203
543210015209
543210015221
543210015223
543210015233
543210015241
543210015251
543210015259
543210015269
543210015277
543210015281
543210015419
543210015437
654321000007
654321000037
654321000041
654321000079
654321000101
654321000133
654321000139
654321000169
654321000187
654321000191
654321000199
654321000227
654321000287
654321000301
654321000323
654321000341
654321000367
654321000379
654321000419
654321000439
654321000449
654321000493
654321000497
654321000511
654321000547
654321000551
654321000583
654321000679
654321000689
654321000709
654321000757
654321000793
654321000797
654321000803
654321000821
654321000877
654321000889
654321000989
654321001021
654321001039
654321001079
654321001091
654321001099
654321001133
654321001157
654321001183
654321001211
654321001219
654321001223
654321001249
654321001261
654321001267
654321001277
654321001283
654321001291
654321001297
654321001357
654321001361
654321001381
654321001421
654321001471
654321001489
654321001513
654321001571
654321001583
654321001619
654321001627
654321001639
654321001699
654321001709
654321001751
654321001813
654321001903
654321001909
654321001963
654321001969
654321001973
654321002003
654321002021
654321002081
654321002107
654321002123
654321002183
654321002219
654321002233
654321002339
654321002347
654321002353
654321002369
654321002383
654321002411
654321002459
654321002473
654321002527
654321002591
654321002617
654321002653
654321002683
654321002701
654321002717
654321002729
654321002821
654321002827
654321002831
654321002843
654321002879
654321002897
654321002921
654321002981
654321003001
654321003019
654321003029
654321003053
654321003109
654321003139
654321003181
654321003251
654321003253
654321003257
654321003367
654321003421
654321003491
654321003493
654321003517
654321003521
654321003527
654321003533
654321003541
654321003563
654321003577
654321003631
654321003667
654321003671
654321003673
654321003703
654321003731
654321003797
654321003829
654321003857
654321003863
654321003901
654321003949
654321003953
654321003967
654321003997
654321004027
654321004037
654321004079
654321004087
654321004187
654321004201
654321004213
654321004241
654321004283
654321004327
654321004357
654321004373
654321004397
654321004409
654321004459
654321004481
654321004523
654321004559
654321004583
654321004591
654321004633
654321004651
654321004663
654321004669
654321004679
654321004703
654321004769
654321004847
654321004853
654321004907
654321004927
654321004973
654321004991
654321005003
654321005029
654321005059
654321005083
654321005099
654321005101
654321005161
654321005183
654321005189
654321005201
654321005203
654321005243
654321005263
654321005321
654321005333
654321005353
654321005357
654321005363
654321005383
654321005413
654321005423
654321005509
654321005549
654321005567
654321005621
654321005651
654321005693
654321005707
654321005743
654321005747
654321005753
654321005797
654321005803
654321005813
654321005837
654321005869
654321005917
654321005953
654321006011
654321006049
654321006061
654321006067
654321006071
654321006083
654321006121
654321006127
654321006137
654321006139
654321006179
654321006187
654321006259
654321006263
654321006373
654321006379
654321006401
654321006403
654321006421
654321006461
654321006487
654321006553
654321006613
654321006629
654321006641
654321006659
654321006673
654321006679
654321006763
654321006811
654321006877
654321006893
654321006901
654321006917
654321006919
654321006923
654321006971
654321007013
654321007031
654321007033
654321007049
654321007103
654321007141
654321007147
654321007157
654321007199
654321007213
654321007247
654321007253
654321007259
654321007267
654321007283
654321007297
654321007309
654321007321
654321007349
654321007381
654321007397
654321007433
654321007441
654321007447
654321007471
654321007477
654321007499
654321007541
654321007547
654321007553
654321007567
654321007577
654321007583
654321007589
654321007601
654321007607
654321007621
654321007657
654321007667
654321007709
654321007721
654321007727
654321007771
654321007783
654321007819
654321007841
654321007859
654321007903
654321007939
654321007993
654321007997
654321008023
654321008039
654321008051
654321008101
654321008111
654321008171
654321008177
654321008179
654321008189
654321008227
654321008273
654321008291
654321008381
654321008503
654321008519
654321008521
654321008533
654321008567
654321008587
654321008639
654321008647
654321008669
654321008681
654321008689
654321008711
654321008743
654321008767
654321008771
654321008779
654321008797
654321008851
654321008899
654321008917
654321008923
654321008947
654321008969
654321009031
654321009047
654321009073
654321009103
654321009119
654321009143
654321009179
654321009187
654321009191
654321009229
654321009239
654321009253
654321009263
654321009269
654321009289
654321009343
654321009347
654321009379
654321009413
654321009439
654321009457
654321009467
654321009487
654321009541
654321009611
654321009637
654321009659
654321009689
654321009799
654321009803
654321009809
654321009869
654321009889
654321009893
654321009911
654321009917
654321009919
654321009971
654321009997
654321010001
654321010073
654321010097
654321010103
654321010153
654321010159
654321010163
654321010171
654321010181
654321010193
654321010219
654321010229
654321010249
654321010327
654321010351
654321010367
654321010411
654321010429
654321010433
654321010457
654321010493
654321010531
654321010561
654321010591
654321010619
654321010631
654321010633
654321010649
654321010669
654321010709
654321010711
654321010789
654321010801
654321010813
654321010831
654321010843
654321010909
654321010921
654321010943
654321010957
654321011021
654321011039
654321011051
654321011093
654321011171
654321011177
654321011203
654321011219
654321011299
654321011303
654321011339
654321011353
654321011371
654321011387
654321011417
654321011507
654321011521
654321011537
654321011543
654321011551
654321011579
654321011593
654321011647
654321011657
654321011671
654321011719
654321011731
654321011767
654321011779
654321011783
654321011833
654321011873
654321011887
654321011899
654321011933
654321011941
654321011969
654321011977
654321011983
654321012017
654321012061
654321012077
654321012101
654321012127
654321012139
654321012179
654321012199
654321012221
654321012223
654321012307
654321012311
654321012377
654321012427
654321012431
654321012451
654321012463
654321012473
654321012503
654321012563
654321012581
654321012613
654321012619
654321012629
654321012643
654321012679
654321012707
654321012749
654321012773
654321012809
654321012827
654321012853
654321012883
654321012911
654321012923
654321012973
654321012991
654321013009
654321013019
654321013033
654321013061
654321013063
654321013091
654321013097
654321013111
654321013163
654321013201
654321013217
654321013231
654321013237
654321013259
654321013267
654321013319
654321013361
654321013373
654321013403
654321013439
654321013457
654321013487
654321013547
654321013597
654321013649
654321013667
654321013699
654321013741
654321013777
654321013789
654321013793
654321013823
654321013861
654321013867
654321013883
654321013903
654321013979
654321013991
654321014057
654321014069
654321014077
654321014119
654321014141
654321014167
654321014201
654321014203
654321014251
654321014257
654321014419
654321014443
654321014461
654321014513
654321014551
654321014623
654321014689
654321014723
654321014747
654321014761
654321014771
654321014807
654321014813
654321014849
654321014857
654321014873
654321014891
654321014959
654321014993
654321015001
654321015031
654321015071
654321015113
654321015149
654321015163
654321015199
654321015209
654321015221
654321015247
654321015253
654321015289
654321015311
654321015323
654321015329
654321015343
654321015349
654321015367
654321015371
654321015391
654321015409
654321015427
654321015431
654321015457
654321015493
654321015563
654321015571
654321015577
654321015581
654321015583
654321015611
654321015637
654321015659
654321015661
654321015671
654321015757
654321015767
654321015773
765432100049
765432100073
765432100091
765432100123
765432100129
765432100151
765432100157
765432100207
765432100219
765432100261
765432100319
765432100333
765432100393
765432100409
765432100421
765432100453
765432100457
765432100567
765432100607
765432100613
765432100633
765432100649
765432100663
765432100669
765432100681
765432100709
765432100729
765432100733
765432100753
765432100793
765432100819
765432100843
765432100879
765432100921
765432100973
765432100987
765432101017
765432101029
765432101047
765432101099
765432101191
765432101233
765432101347
765432101351
765432101477
765432101507
765432101531
765432101537
765432101591
765432101647
765432101671
765432101713
765432101719
765432101743
765432101807
765432101839
765432101879
765432101887
765432101899
765432101983
765432102047
765432102089
765432102131
765432102221
765432102233
765432102241
765432102251
765432102263
765432102293
765432102307
765432102319
765432102437
765432102443
765432102493
765432102497
765432102509
765432102521
765432102563
765432102571
765432102623
765432102661
765432102689
765432102691
765432102707
765432102713
765432102733
765432102763
765432102797
765432102833
765432102857
765432102859
765432102863
765432102871
765432102893
765432102947
765432102971
765432102989
765432102997
765432103013
765432103031
765432103061
765432103063
765432103067
765432103081
765432103087
765432103123
765432103133
765432103151
765432103159
765432103169
765432103171
765432103187
765432103193
765432103199
765432103201
765432103333
765432103361
765432103391
765432103459
765432103493
765432103517
765432103547
765432103619
765432103621
765432103679
765432103687
765432103693
765432103763
765432103783
765432103817
765432103901
765432103907
765432103963
765432103981
765432104023
765432104027
765432104081
765432104153
765432104221
765432104257
765432104321
765432104357
765432104443
765432104477
765432104483
765432104497
765432104513
765432104539
765432104543
765432104621
765432104639
765432104651
765432104653
765432104687
765432104711
765432104741
765432104747
765432104779
765432104803
765432104831
765432104867
765432104891
765432104897
765432104903
765432104923
765432104933
765432104953
765432104999
765432105019
765432105029
765432105041
765432105071
765432105127
765432105157
765432105247
765432105253
765432105257
765432105259
765432105293
765432105343
765432105367
765432105479
765432105481
765432105569
765432105583
765432105617
765432105623
765432105629
765432105637
765432105661
765432105731
765432105749
765432105751
765432105793
765432105797
765432105811
765432105817
765432105883
765432105887
765432105923
765432105941
765432105953
765432106007
765432106097
765432106139
765432106249
765432106259
765432106303
765432106363
765432106409
765432106421
765432106451
765432106507
765432106511
765432106519
765432106541
765432106577
765432106601
765432106619
765432106627
765432106633
765432106639
765432106643
765432106651
765432106657
765432106679
765432106729
765432106771
765432106823
765432106913
765432106931
765432106981
765432106993
765432107107
765432107119
765432107123
765432107129
765432107161
765432107227
765432107233
765432107281
765432107317
765432107339
765432107347
765432107359
765432107443
765432107449
765432107459
765432107491
765432107521
765432107537
765432107549
765432107567
765432107569
765432107597
765432107617
765432107621
765432107633
765432107653
765432107707
765432107767
765432107789
765432107837
765432107851
765432107983
765432108011
765432108017
765432108121
765432108127
765432108131
765432108139
765432108157
765432108209
765432108211
765432108269
765432108271
765432108277
765432108281
765432108373
765432108383
765432108439
765432108443
765432108481
765432108527
765432108541
765432108557
765432108599
765432108613
765432108673
765432108697
765432108731
765432108739
765432108761
765432108827
765432108829
765432108863
765432108871
765432108913
765432108979
765432109007
765432109019
765432109073
765432109103
765432109147
765432109159
765432109231
765432109249
765432109259
765432109271
765432109297
765432109301
765432109307
765432109319
765432109327
765432109333
765432109361
765432109369
765432109391
765432109441
765432109483
765432109489
765432109523
765432109543
765432109571
765432109573
765432109601
765432109609
765432109613
765432109627
765432109711
765432109817
765432109853
765432109901
765432109909
765432109913
765432109943
765432109957
765432109979
765432109993
765432110021
765432110033
765432110081
765432110111
765432110123
765432110143
765432110147
765432110153
765432110371
765432110389
765432110413
765432110449
765432110453
765432110473
765432110519
765432110533
765432110581
765432110587
765432110603
765432110623
765432110627
765432110633
765432110647
765432110713
765432110719
765432110749
765432110761
765432110783
765432110797
765432110831
765432110843
765432110899
765432110951
765432110969
765432110999
765432111011
765432111019
765432111079
765432111131
765432111149
765432111163
765432111173
765432111193
765432111313
765432111317
765432111331
765432111337
765432111347
765432111359
765432111371
765432111383
765432111401
765432111421
765432111443
765432111503
765432111517
765432111541
765432111599
765432111601
765432111617
765432111637
765432111641
765432111649
765432111673
765432111701
765432111709
765432111737
765432111817
765432111833
765432111863
765432111911
765432111947
765432111991
765432112009
765432112031
765432112057
765432112061
765432112073
765432112153
765432112183
765432112189
765432112223
765432112253
765432112261
765432112267
765432112297
765432112363
765432112381
765432112397
765432112421
765432112427
765432112451
765432112457
765432112463
765432112481
765432112493
765432112513
765432112603
765432112609
765432112619
765432112699
765432112703
765432112721
765432112759
765432112769
765432112877
765432112903
765432112931
765432112957
765432112981
765432112993
765432113009
765432113029
765432113041
765432113051
765432113057
765432113087
765432113119
765432113141
765432113143
765432113227
765432113249
765432113279
765432113311
765432113321
765432113363
765432113393
765432113431
765432113437
765432113447
765432113473
765432113489
765432113491
765432113513
765432113521
765432113557
765432113573
765432113627
765432113683
765432113689
765432113711
765432113731
765432113741
765432113753
765432113801
765432113807
765432113891
765432113899
765432113911
765432113917
765432113923
765432113951
765432113969
765432114011
765432114049
765432114091
765432114107
765432114113
765432114119
765432114173
765432114191
765432114229
765432114259
765432114263
765432114281
765432114283
765432114301
765432114311
765432114367
765432114409
765432114431
765432114541
765432114553
765432114569
765432114581
765432114617
765432114673
765432114719
765432114731
765432114751
765432114757
765432114791
765432114829
765432114883
765432114899
765432114977
765432114989
765432115031
765432115033
765432115039
765432115127
765432115157
765432115249
765432115277
765432115307
765432115363
765432115387
765432115403
765432115423
765432115451
765432115493
765432115519
765432115541
765432115573
765432115687
765432115729
765432115783
765432115787
765432115823
765432115837
765432115867
765432115919
765432115927
765432115951
765432115963
765432115997
765432115999
765432116003
765432116027
765432116089
765432116101
765432116159
765432116173
765432116209
765432116261
765432116269
765432116299
765432116327
765432116329
765432116357
765432116377
765432116381
765432116431
765432116441
765432116503
765432116513
765432116563
765432116597
765432116599
765432116633
765432116639
765432116641
765432116723
765432116753
765432116789
765432116821
765432116837
765432116843
765432116899
765432116921
765432116927
765432116959
765432116963
765432116989
765432117013
765432117059
765432117103
765432117133
765432117161
765432117179
765432117193
876543210029
876543210031
876543210041
876543210149
876543210199
876543210209
876543210251
876543210269
876543210271
876543210311
876543210313
876543210317
876543210329
876543210343
876543210353
876543210359
876543210383
876543210407
876543210421
876543210451
876543210467
876543210523
876543210527
876543210581
876543210601
876543210611
876543210617
876543210713
876543210749
876543210761
876543210787
876543210839
876543210841
876543210853
876543210877
876543210911
876543210913
876543210923
876543210929
876543210997
876543211051
876543211097
876543211099
876543211111
876543211133
876543211207
876543211253
876543211259
876543211283
876543211309
876543211337
876543211339
876543211399
876543211403
876543211429
876543211457
876543211543
876543211571
876543211603
876543211651
876543211657
876543211673
876543211697
876543211757
876543211759
876543211853
876543211861
876543211933
876543212009
876543212057
876543212059
876543212081
876543212137
876543212147
876543212161
876543212183
876543212227
876543212231
876543212249
876543212273
876543212297
876543212317
876543212449
876543212459
876543212471
876543212473
876543212507
876543212509
876543212533
876543212563
876543212591
876543212651
876543212659
876543212687
876543212689
876543212723
876543212749
876543212767
876543212807
876543212821
876543212861
876543212869
876543212917
876543212921
876543212933
876543212989
876543213043
876543213067
876543213097
876543213101
876543213103
876543213121
876543213191
876543213197
876543213233
876543213257
876543213263
876543213317
876543213319
876543213349
876543213383
876543213391
876543213397
876543213407
876543213409
876543213467
876543213487
876543213541
876543213599
876543213607
876543213649
876543213671
876543213677
876543213683
876543213691
876543213727
876543213737
876543213751
876543213761
876543213797
876543213881
876543213883
876543213919
876543213929
876543213941
876543213947
876543213967
876543214013
876543214051
876543214159
876543214181
876543214193
876543214199
876543214207
876543214223
876543214237
876543214279
876543214303
876543214307
876543214319
876543214321
876543214331
876543214357
876543214369
876543214411
876543214427
876543214483
876543214487
876543214499
876543214531
876543214541
876543214559
876543214621
876543214633
876543214643
876543214663
876543214669
876543214691
876543214693
876543214753
876543214801
876543214823
876543214829
876543214837
876543214867
876543214873
876543214879
876543214889
876543214909
876543214969
876543215057
876543215063
876543215099
876543215101
876543215129
876543215143
876543215159
876543215213
876543215231
876543215263
876543215269
876543215293
876543215297
876543215311
876543215323
876543215347
876543215371
876543215407
876543215413
876543215437
876543215447
876543215459
876543215467
876543215473
876543215477
876543215521
876543215543
876543215629
876543215633
876543215677
876543215689
876543215711
876543215729
876543215791
876543215837
876543215851
876543215881
876543215917
876543215921
876543215923
876543215939
876543215981
876543216023
876543216041
876543216047
876543216083
876543216167
876543216187
876543216193
876543216223
876543216229
876543216259
876543216301
876543216359
876543216361
876543216401
876543216403
876543216431
876543216457
876543216503
876543216517
876543216539
876543216587
876543216589
876543216599
876543216707
876543216719
876543216749
876543216797
876543216799
876543216827
876543216851
876543216853
876543216859
876543216863
876543216869
876543216889
876543216911
876543216943
876543216949
876543216953
876543216971
876543217003
876543217049
876543217079
876543217091
876543217141
876543217153
876543217213
876543217247
876543217273
876543217283
876543217327
876543217339
876543217351
876543217357
876543217369
876543217391
876543217409
876543217421
876543217471
876543217489
876543217499
876543217513
876543217541
876543217577
876543217603
876543217637
876543217651
876543217661
876543217717
876543217721
876543217763
876543217783
876543217819
876543217867
876543217877
876543217883
876543217931
876543217933
876543217981
876543217997
876543218021
876543218113
876543218137
876543218183
876543218197
876543218227
876543218233
876543218251
876543218281
876543218333
876543218339
876543218357
876543218363
876543218371
876543218393
876543218407
876543218497
876543218503
876543218521
876543218543
876543218561
876543218563
876543218567
876543218569
876543218597
876543218671
876543218689
876543218737
876543218797
876543218819
876543218867
876543218921
876543218977
876543219001
876543219017
876543219031
876543219037
876543219077
876543219121
876543219137
876543219143
876543219239
876543219283
876543219287
876543219301
876543219317
876543219341
876543219347
876543219359
876543219367
876543219379
876543219421
876543219427
876543219439
876543219463
876543219469
876543219533
876543219551
876543219557
876543219581
876543219583
876543219613
876543219653
876543219683
876543219697
876543219703
876543219707
876543219803
876543219817
876543219823
876543219829
876543219833
876543219883
876543219899
876543219919
876543219973
876543220027
876543220031
876543220057
876543220093
876543220123
876543220127
876543220139
876543220141
876543220159
876543220169
876543220199
876543220261
876543220369
876543220457
876543220477
876543220481
876543220523
876543220541
876543220577
876543220583
876543220627
876543220633
876543220697
876543220703
876543220739
876543220757
876543220783
876543220801
876543220829
876543220841
876543220849
876543220871
876543220897
876543220907
876543220921
876543220979
876543220981
876543221011
876543221051
876543221063
876543221107
876543221161
876543221207
876543221209
876543221221
876543221243
876543221299
876543221327
876543221329
876543221387
876543221429
876543221431
876543221513
876543221531
876543221579
876543221581
876543221591
876543221621
876543221639
876543221669
876543221717
876543221737
876543221747
876543221759
876543221777
876543221791
876543221819
876543221837
876543221927
876543221929
876543222001
876543222011
876543222047
876543222053
876543222097
876543222169
876543222229
876543222241
876543222251
876543222301
876543222307
876543222319
876543222329
876543222337
876543222361
876543222377
876543222461
876543222497
876543222587
876543222589
876543222613
876543222623
876543222661
876543222671
876543222691
876543222767
876543222809
876543222851
876543222881
876543222889
876543222913
876543222977
876543222983
876543223001
876543223033
876543223069
876543223079
876543223147
876543223189
876543223201
876543223261
876543223267
876543223273
876543223277
876543223279
876543223307
876543223331
876543223427
876543223433
876543223463
876543223483
876543223519
876543223531
876543223553
876543223559
876543223573
876543223637
876543223667
876543223693
876543223771
876543223793
876543223807
876543223813
876543223817
876543223889
876543223909
876543223931
876543223937
876543223957
876543223961
876543224021
876543224033
876543224047
876543224129
876543224131
876543224153
876543224191
876543224213
876543224243
876543224251
876543224269
876543224303
876543224327
876543224399
876543224411
876543224437
876543224467
876543224489
876543224561
876543224573
876543224581
876543224591
876543224597
876543224603
876543224611
876543224639
876543224663
876543224671
876543224693
876543224717
876543224723
876543224759
876543224773
876543224779
876543224801
876543224813
876543224819
876543224849
876543224863
876543224881
876543224951
876543224957
876543224969
876543224983
876543224989
876543225037
876543225059
876543225133
876543225139
876543225197
876543225211
876543225263
876543225293
876543225301
876543225319
876543225323
876543225347
876543225367
876543225413
876543225541
876543225581
876543225703
876543225751
876543225769
876543225821
876543225823
876543225841
876543225881
876543225907
876543225917
876543225953
876543225959
987654321007
987654321029
987654321047
987654321061
987654321089
987654321097
987654321109
987654321113
987654321133
987654321193
987654321197
987654321223
987654321317
987654321319
987654321331
987654321347
987654321371
987654321397
987654321403
987654321449
987654321491
987654321529
987654321569
987654321571
987654321587
987654321611
987654321623
987654321649
987654321673
987654321737
987654321743
987654321757
987654321767
987654321769
987654321851
987654321883
987654321893
987654321917
987654321919
987654321931
987654321989
987654321991
987654322001
987654322013
987654322093
987654322117
987654322129
987654322147
987654322153
987654322157
987654322159
987654322163
987654322231
987654322307
987654322337
987654322339
987654322349
987654322357
987654322393
987654322409
987654322433
987654322519
987654322573
987654322597
987654322621
987654322651
987654322727
987654322729
987654322763
987654322789
987654322807
987654322841
987654322871
987654322883
987654322891
987654322903
987654322909
987654322981
987654323083
987654323111
987654323141
987654323239
987654323263
987654323303
987654323353
987654323371
987654323387
987654323413
987654323417
987654323477
987654323483
987654323503
987654323507
987654323609
987654323611
987654323627
987654323651
987654323693
987654323701
987654323713
987654323723
987654323731
987654323741
987654323753
987654323759
987654323783
987654323791
987654323827
987654323849
987654323857
987654323897
987654323911
987654323923
987654323927
987654323939
987654323969
987654324047
987654324049
987654324067
987654324071
987654324113
987654324121
987654324131
987654324143
987654324149
987654324157
987654324161
987654324193
987654324263
987654324337
987654324361
987654324379
987654324413
987654324421
987654324467
987654324473
987654324497
987654324529
987654324599
987654324617
987654324653
987654324673
987654324703
987654324707
987654324739
987654324817
987654324829
987654324919
987654324931
987654324941
987654324971
987654324983
987654324997
987654325013
987654325103
987654325169
987654325181
987654325193
987654325237
987654325243
987654325261
987654325289
987654325309
987654325327
987654325391
987654325393
987654325409
987654325421
987654325459
987654325487
987654325501
987654325519
987654325523
987654325549
987654325589
987654325627
987654325633
987654325639
987654325643
987654325687
987654325739
987654325741
987654325769
987654325783
987654325817
987654325829
987654325871
987654325891
987654326041
987654326053
987654326069
987654326089
987654326111
987654326119
987654326149
987654326167
987654326207
987654326209
987654326213
987654326233
987654326237
987654326291
987654326359
987654326371
987654326429
987654326437
987654326441
987654326467
987654326543
987654326587
987654326647
987654326861
987654326873
987654326909
987654326921
987654326929
987654326947
987654326963
987654327029
987654327041
987654327073
987654327131
987654327139
987654327151
987654327173
987654327221
987654327223
987654327241
987654327263
987654327269
987654327287
987654327299
987654327353
987654327383
987654327481
987654327493
987654327497
987654327553
987654327679
987654327739
987654327767
987654327791
987654327809
987654327887
987654327901
987654327911
987654327923
987654328009
987654328019
987654328043
987654328057
987654328061
987654328081
987654328093
987654328109
987654328183
987654328189
987654328273
987654328277
987654328301
987654328303
987654328391
987654328433
987654328481
987654328487
987654328499
987654328511
987654328523
987654328559
987654328657
987654328747
987654328753
987654328799
987654328813
987654328847
987654328879
987654328937
987654328957
987654328963
987654328981
987654328987
987654329027
987654329059
987654329083
987654329089
987654329113
987654329131
987654329161
987654329171
987654329173
987654329183
987654329191
987654329203
987654329209
987654329237
987654329239
987654329243
987654329281
987654329309
987654329357
987654329359
987654329411
987654329429
987654329461
987654329479
987654329527
987654329531
987654329567
987654329611
987654329617
987654329693
987654329699
987654329747
987654329797
987654329833
987654329861
987654329881
987654329887
987654329939
987654329951
987654329999
987654330011
987654330023
987654330031
987654330037
987654330119
987654330127
987654330151
987654330161
987654330203
987654330211
987654330217
987654330233
987654330241
987654330281
987654330337
987654330349
987654330353
987654330361
987654330391
987654330409
987654330419
987654330457
987654330493
987654330527
987654330547
987654330599
987654330613
987654330659
987654330727
987654330731
987654330791
987654330797
987654330799
987654330811
987654330857
987654330889
987654330931
987654330941
987654331021
987654331031
987654331049
987654331057
987654331067
987654331141
987654331151
987654331199
987654331229
987654331231
987654331267
987654331331
987654331337
987654331381
987654331429
987654331451
987654331453
987654331463
987654331487
987654331549
987654331579
987654331649
987654331667
987654331717
987654331751
987654331753
987654331771
987654331849
987654331889
987654331891
987654331907
987654331913
987654331949
987654331969
987654331973
987654331987
987654332023
987654332081
987654332117
987654332131
987654332149
987654332179
987654332207
987654332213
987654332219
987654332227
987654332251
987654332293
987654332341
987654332351
987654332383
987654332393
987654332503
987654332507
987654332593
987654332597
987654332603
987654332627
987654332641
987654332659
987654332699
987654332737
987654332779
987654332879
987654332909
987654332939
987654333007
987654333023
987654333059
987654333091
987654333137
987654333139
987654333191
987654333233
987654333277
987654333307
987654333329
987654333397
987654333433
987654333469
987654333499
987654333509
987654333511
987654333517
987654333521
987654333553
987654333599
987654333629
987654333643
987654333667
987654333707
987654333793
987654333811
987654333857
987654333863
987654333889
987654333901
987654333943
987654334001
987654334031
987654334063
987654334091
987654334111
987654334123
987654334129
987654334181
987654334211
987654334229
987654334327
987654334333
987654334357
987654334391
987654334411
987654334417
987654334421
987654334453
987654334523
987654334543
987654334567
987654334613
987654334627
987654334679
987654334697
987654334717
987654334721
987654334739
987654334757
987654334817
987654334829
987654334853
987654334939
987654334951
987654334999
987654335117
987654335137
987654335141
987654335179
987654335231
987654335249
987654335257
987654335267
987654335323
987654335357
987654335383
987654335387
987654335407
987654335431
987654335461
987654335471
987654335477
987654335509
987654335531
987654335599
987654335611
987654335687
987654335693
987654335719
987654335741
987654335747
987654335749
987654335779
987654335783
987654335839
987654335891
987654335893
987654335951
987654336013
987654336017
987654336023
987654336049
987654336061
987654336077
987654336089
987654336161
987654336187
987654336239
987654336247
987654336259
987654336271
987654336289
987654336301
987654336311
987654336329
987654336337
987654336377
987654336421
987654336443
987654336469
987654336481
987654336511
987654336563
987654336587
987654336733
987654336751
987654336821
987654336839
987654336853
987654336869
987654336899
987654336919
987654336923
987654336931
987654336979
987654337051
987654337063
987654337069
987654337141
987654337151
987654337169
987654337213
987654337253
987654337331
987654337381
987654337387
987654337471
987654337487
987654337513
987654337577
987654337601
987654337651
987654337669
987654337673
987654337687
987654337771
987654337801
987654337823
987654337843
987654337861
987654337889
987654337903
987654337939
987654337951
987654337961
987654337991
987654338063
987654338137
987654338197
987654338201
987654338233
987654338243
987654338317